72
# x y z
0  0  18.4
5  0  18.1
10  0  18.1
15  0  18.1
20  0  18.3
25  0  18.5
30  0  18.4
35  0  18.4
40  0  18.7
45  0  18.4
50  0  18.5
55  0  18.4
60  0  18.7
65  0  18.7
70  0  19.0
75  0  19.3
80  0  19.2
85  0  19.3
90  0  19.3
95  0  19.6
100  0  19.4
105  0  19.6
110  0  19.8
115  0  19.7
120  0  19.900000000000002
125  0  19.900000000000002
130  0  19.900000000000002
135  0  20.1
140  0  20.1
145  0  20.2
150  0  20.3
155  0  20.400000000000002
160  0  20.400000000000002
165  0  20.400000000000002
170  0  20.5
175  0  20.8
180  0  20.8
185  0  20.8
190  0  20.5
195  0  20.5
200  0  19.4
205  0  17.5
210  0  16.5
215  0  17.3
220  0  13.5
225  0  10.7
230  0  8.1
235  0  3.8
240  0  3.8
245  0  3.573
250  0  3.3449999999999998
255  0  3.118
260  0  2.891
265  0  2.6639999999999997
270  0  2.436
275  0  2.2089999999999996
280  0  1.9819999999999998
285  0  1.755
290  0  1.5269999999999997
295  0  1.2999999999999998
300  0  1.1919999999999997
305  0  1.0829999999999997
310  0  0.9749999999999996
315  0  0.867
320  0  0.758
325  0  0.6499999999999999
330  0  0.5419999999999998
335  0  0.43299999999999983
340  0  0.32499999999999973
345  0  0.21699999999999964
350  0  0.10799999999999965
355  0  0.0
692
# a b m n err i k r rhoa u valid
2	1	3	4	0.0	0.0	0.0	0.0	3062.8738	0.0	1
3	2	4	5	0.0	0.0	0.0	0.0	2964.3376	0.0	1
4	3	5	6	0.0	0.0	0.0	0.0	3452.8049	0.0	1
5	4	6	7	0.0	0.0	0.0	0.0	2698.4932	0.0	1
6	5	7	8	0.0	0.0	0.0	0.0	3412.6743	0.0	1
8	7	9	10	0.0	0.0	0.0	0.0	2401.9424	0.0	1
11	10	12	13	0.0	0.0	0.0	0.0	2476.615	0.0	1
12	11	13	14	0.0	0.0	0.0	0.0	3252.4534	0.0	1
13	12	14	15	0.0	0.0	0.0	0.0	4423.1802	0.0	1
14	13	15	16	0.0	0.0	0.0	0.0	3958.0957	0.0	1
15	14	16	17	0.0	0.0	0.0	0.0	4888.0195	0.0	1
16	15	17	18	0.0	0.0	0.0	0.0	3978.3025	0.0	1
17	16	18	19	0.0	0.0	0.0	0.0	5737.9087	0.0	1
18	17	19	20	0.0	0.0	0.0	0.0	2980.2844	0.0	1
19	18	20	21	0.0	0.0	0.0	0.0	3513.8965	0.0	1
20	19	21	22	0.0	0.0	0.0	0.0	3443.1257	0.0	1
21	20	22	23	0.0	0.0	0.0	0.0	3962.7327	0.0	1
22	21	23	24	0.0	0.0	0.0	0.0	3044.6367	0.0	1
23	22	24	25	0.0	0.0	0.0	0.0	2631.219	0.0	1
24	23	25	26	0.0	0.0	0.0	0.0	3125.228	0.0	1
25	24	26	27	0.0	0.0	0.0	0.0	2770.47	0.0	1
26	25	27	28	0.0	0.0	0.0	0.0	3935.7214	0.0	1
27	26	28	29	0.0	0.0	0.0	0.0	3672.8547	0.0	1
28	27	29	30	0.0	0.0	0.0	0.0	2783.9004	0.0	1
29	28	30	31	0.0	0.0	0.0	0.0	3813.218	0.0	1
30	29	31	32	0.0	0.0	0.0	0.0	3543.2546	0.0	1
31	30	32	33	0.0	0.0	0.0	0.0	3203.1807	0.0	1
32	31	33	34	0.0	0.0	0.0	0.0	4236.1738	0.0	1
33	32	34	35	0.0	0.0	0.0	0.0	3951.8472	0.0	1
34	33	35	36	0.0	0.0	0.0	0.0	5468.6616	0.0	1
35	34	36	37	0.0	0.0	0.0	0.0	3833.2268	0.0	1
36	35	37	38	0.0	0.0	0.0	0.0	4008.8479	0.0	1
37	36	38	39	0.0	0.0	0.0	0.0	3803.322	0.0	1
38	37	39	40	0.0	0.0	0.0	0.0	5237.3584	0.0	1
40	39	41	42	0.0	0.0	0.0	0.0	5984.2441	0.0	1
47	46	48	49	0.0	0.0	0.0	0.0	1592.8911	0.0	1
48	47	49	50	0.0	0.0	0.0	0.0	234.0342	0.0	1
49	48	50	51	0.0	0.0	0.0	0.0	148.0369	0.0	1
50	49	51	52	0.0	0.0	0.0	0.0	17.6441	0.0	1
51	50	52	53	0.0	0.0	0.0	0.0	12.7798	0.0	1
52	51	53	54	0.0	0.0	0.0	0.0	12.3562	0.0	1
53	52	54	55	0.0	0.0	0.0	0.0	11.1227	0.0	1
54	53	55	56	0.0	0.0	0.0	0.0	8.3854	0.0	1
55	54	56	57	0.0	0.0	0.0	0.0	7.7031	0.0	1
56	55	57	58	0.0	0.0	0.0	0.0	7.0187	0.0	1
57	56	58	59	0.0	0.0	0.0	0.0	6.4612	0.0	1
58	57	59	60	0.0	0.0	0.0	0.0	4.6016	0.0	1
59	58	60	61	0.0	0.0	0.0	0.0	3.8285	0.0	1
60	59	61	62	0.0	0.0	0.0	0.0	3.193	0.0	1
61	60	62	63	0.0	0.0	0.0	0.0	3.607	0.0	1
62	61	63	64	0.0	0.0	0.0	0.0	3.3444	0.0	1
63	62	64	65	0.0	0.0	0.0	0.0	2.5067	0.0	1
64	63	65	66	0.0	0.0	0.0	0.0	2.1133	0.0	1
65	64	66	67	0.0	0.0	0.0	0.0	2.7238	0.0	1
66	65	67	68	0.0	0.0	0.0	0.0	3.2582	0.0	1
67	66	68	69	0.0	0.0	0.0	0.0	2.9981	0.0	1
68	67	69	70	0.0	0.0	0.0	0.0	3.068	0.0	1
69	68	70	71	0.0	0.0	0.0	0.0	2.6101	0.0	1
70	69	71	72	0.0	0.0	0.0	0.0	2.9003	0.0	1
2	1	5	6	0.0	0.0	0.0	0.0	13664.9854	0.0	1
5	4	8	9	0.0	0.0	0.0	0.0	7932.1665	0.0	1
6	5	9	10	0.0	0.0	0.0	0.0	8901.1748	0.0	1
9	8	12	13	0.0	0.0	0.0	0.0	6898.8623	0.0	1
10	9	13	14	0.0	0.0	0.0	0.0	7120.6934	0.0	1
11	10	14	15	0.0	0.0	0.0	0.0	6887.8633	0.0	1
12	11	15	16	0.0	0.0	0.0	0.0	6445.6997	0.0	1
13	12	16	17	0.0	0.0	0.0	0.0	10006.0039	0.0	1
14	13	17	18	0.0	0.0	0.0	0.0	12461.5361	0.0	1
15	14	18	19	0.0	0.0	0.0	0.0	13034.9385	0.0	1
16	15	19	20	0.0	0.0	0.0	0.0	4698.3271	0.0	1
17	16	20	21	0.0	0.0	0.0	0.0	9143.5615	0.0	1
18	17	21	22	0.0	0.0	0.0	0.0	11984.2646	0.0	1
19	18	22	23	0.0	0.0	0.0	0.0	7836.2314	0.0	1
20	19	23	24	0.0	0.0	0.0	0.0	4346.9243	0.0	1
21	20	24	25	0.0	0.0	0.0	0.0	6144.5874	0.0	1
22	21	25	26	0.0	0.0	0.0	0.0	8370.2393	0.0	1
23	22	26	27	0.0	0.0	0.0	0.0	6089.019	0.0	1
24	23	27	28	0.0	0.0	0.0	0.0	5512.1851	0.0	1
25	24	28	29	0.0	0.0	0.0	0.0	6557.9492	0.0	1
26	25	29	30	0.0	0.0	0.0	0.0	7558.3325	0.0	1
27	26	30	31	0.0	0.0	0.0	0.0	7047.8491	0.0	1
28	27	31	32	0.0	0.0	0.0	0.0	6915.4312	0.0	1
29	28	32	33	0.0	0.0	0.0	0.0	7773.7456	0.0	1
30	29	33	34	0.0	0.0	0.0	0.0	8960.6553	0.0	1
31	30	34	35	0.0	0.0	0.0	0.0	10283.9404	0.0	1
32	31	35	36	0.0	0.0	0.0	0.0	10309.1055	0.0	1
33	32	36	37	0.0	0.0	0.0	0.0	7452.6616	0.0	1
34	33	37	38	0.0	0.0	0.0	0.0	9039.7002	0.0	1
35	34	38	39	0.0	0.0	0.0	0.0	12468.793	0.0	1
36	35	39	40	0.0	0.0	0.0	0.0	15159.1904	0.0	1
37	36	40	41	0.0	0.0	0.0	0.0	6012.5273	0.0	1
39	38	42	43	0.0	0.0	0.0	0.0	11546.2959	0.0	1
40	39	43	44	0.0	0.0	0.0	0.0	4885.6919	0.0	1
43	42	46	47	0.0	0.0	0.0	0.0	7578.6709	0.0	1
45	44	48	49	0.0	0.0	0.0	0.0	1714.5933	0.0	1
46	45	49	50	0.0	0.0	0.0	0.0	408.2343	0.0	1
47	46	50	51	0.0	0.0	0.0	0.0	224.2334	0.0	1
48	47	51	52	0.0	0.0	0.0	0.0	143.2415	0.0	1
49	48	52	53	0.0	0.0	0.0	0.0	110.0117	0.0	1
50	49	53	54	0.0	0.0	0.0	0.0	19.3412	0.0	1
51	50	54	55	0.0	0.0	0.0	0.0	16.3255	0.0	1
52	51	55	56	0.0	0.0	0.0	0.0	16.078	0.0	1
53	52	56	57	0.0	0.0	0.0	0.0	18.6977	0.0	1
54	53	57	58	0.0	0.0	0.0	0.0	16.3876	0.0	1
55	54	58	59	0.0	0.0	0.0	0.0	10.6829	0.0	1
56	55	59	60	0.0	0.0	0.0	0.0	8.7854	0.0	1
57	56	60	61	0.0	0.0	0.0	0.0	10.1716	0.0	1
58	57	61	62	0.0	0.0	0.0	0.0	7.698	0.0	1
59	58	62	63	0.0	0.0	0.0	0.0	6.3052	0.0	1
60	59	63	64	0.0	0.0	0.0	0.0	5.7773	0.0	1
61	60	64	65	0.0	0.0	0.0	0.0	5.0509	0.0	1
62	61	65	66	0.0	0.0	0.0	0.0	4.7541	0.0	1
63	62	66	67	0.0	0.0	0.0	0.0	5.3612	0.0	1
64	63	67	68	0.0	0.0	0.0	0.0	5.9903	0.0	1
65	64	68	69	0.0	0.0	0.0	0.0	4.5294	0.0	1
66	65	69	70	0.0	0.0	0.0	0.0	4.8256	0.0	1
67	66	70	71	0.0	0.0	0.0	0.0	4.6564	0.0	1
68	67	71	72	0.0	0.0	0.0	0.0	5.2307	0.0	1
2	1	7	8	0.0	0.0	0.0	0.0	9957.5039	0.0	1
3	2	8	9	0.0	0.0	0.0	0.0	7269.02	0.0	1
4	3	9	10	0.0	0.0	0.0	0.0	6449.0693	0.0	1
5	4	10	11	0.0	0.0	0.0	0.0	9932.2041	0.0	1
6	5	11	12	0.0	0.0	0.0	0.0	11396.7813	0.0	1
8	7	13	14	0.0	0.0	0.0	0.0	8971.5967	0.0	1
9	8	14	15	0.0	0.0	0.0	0.0	13047.9307	0.0	1
10	9	15	16	0.0	0.0	0.0	0.0	9313.5703	0.0	1
11	10	16	17	0.0	0.0	0.0	0.0	9746.6533	0.0	1
12	11	17	18	0.0	0.0	0.0	0.0	13257.9902	0.0	1
13	12	18	19	0.0	0.0	0.0	0.0	17635.1309	0.0	1
14	13	19	20	0.0	0.0	0.0	0.0	10036.6064	0.0	1
15	14	20	21	0.0	0.0	0.0	0.0	15874.5957	0.0	1
16	15	21	22	0.0	0.0	0.0	0.0	14322.373	0.0	1
17	16	22	23	0.0	0.0	0.0	0.0	13315.5859	0.0	1
18	17	23	24	0.0	0.0	0.0	0.0	11474.168	0.0	1
19	18	24	25	0.0	0.0	0.0	0.0	10810.0791	0.0	1
20	19	25	26	0.0	0.0	0.0	0.0	8085.6396	0.0	1
21	20	26	27	0.0	0.0	0.0	0.0	10760.8301	0.0	1
22	21	27	28	0.0	0.0	0.0	0.0	11702.666	0.0	1
23	22	28	29	0.0	0.0	0.0	0.0	11248.5391	0.0	1
24	23	29	30	0.0	0.0	0.0	0.0	9072.1406	0.0	1
25	24	30	31	0.0	0.0	0.0	0.0	9745.2344	0.0	1
26	25	31	32	0.0	0.0	0.0	0.0	13084.3486	0.0	1
27	26	32	33	0.0	0.0	0.0	0.0	9662.3066	0.0	1
28	27	33	34	0.0	0.0	0.0	0.0	13425.793	0.0	1
29	28	34	35	0.0	0.0	0.0	0.0	16443.6504	0.0	1
30	29	35	36	0.0	0.0	0.0	0.0	14755.1592	0.0	1
31	30	36	37	0.0	0.0	0.0	0.0	14070.0908	0.0	1
32	31	37	38	0.0	0.0	0.0	0.0	11930.7041	0.0	1
33	32	38	39	0.0	0.0	0.0	0.0	15389.9561	0.0	1
34	33	39	40	0.0	0.0	0.0	0.0	22298.959	0.0	1
37	36	42	43	0.0	0.0	0.0	0.0	22842.4473	0.0	1
40	39	45	46	0.0	0.0	0.0	0.0	14273.5537	0.0	1
43	42	48	49	0.0	0.0	0.0	0.0	15468.3652	0.0	1
44	43	49	50	0.0	0.0	0.0	0.0	670.6696	0.0	1
45	44	50	51	0.0	0.0	0.0	0.0	139.7453	0.0	1
46	45	51	52	0.0	0.0	0.0	0.0	146.879	0.0	1
47	46	52	53	0.0	0.0	0.0	0.0	133.6137	0.0	1
48	47	53	54	0.0	0.0	0.0	0.0	137.2799	0.0	1
49	48	54	55	0.0	0.0	0.0	0.0	132.001	0.0	1
50	49	55	56	0.0	0.0	0.0	0.0	15.7866	0.0	1
51	50	56	57	0.0	0.0	0.0	0.0	15.8792	0.0	1
52	51	57	58	0.0	0.0	0.0	0.0	17.5811	0.0	1
53	52	58	59	0.0	0.0	0.0	0.0	15.6339	0.0	1
54	53	59	60	0.0	0.0	0.0	0.0	14.1445	0.0	1
55	54	60	61	0.0	0.0	0.0	0.0	13.6707	0.0	1
56	55	61	62	0.0	0.0	0.0	0.0	9.8582	0.0	1
57	56	62	63	0.0	0.0	0.0	0.0	12.0272	0.0	1
58	57	63	64	0.0	0.0	0.0	0.0	10.7097	0.0	1
59	58	64	65	0.0	0.0	0.0	0.0	6.6857	0.0	1
60	59	65	66	0.0	0.0	0.0	0.0	7.0629	0.0	1
61	60	66	67	0.0	0.0	0.0	0.0	7.3769	0.0	1
62	61	67	68	0.0	0.0	0.0	0.0	8.1885	0.0	1
63	62	68	69	0.0	0.0	0.0	0.0	6.5923	0.0	1
64	63	69	70	0.0	0.0	0.0	0.0	7.0117	0.0	1
65	64	70	71	0.0	0.0	0.0	0.0	6.3146	0.0	1
66	65	71	72	0.0	0.0	0.0	0.0	6.4567	0.0	1
4	1	10	13	0.0	0.0	0.0	0.0	10535.6279	0.0	1
5	2	11	14	0.0	0.0	0.0	0.0	13661.3662	0.0	1
6	3	12	15	0.0	0.0	0.0	0.0	19956.4766	0.0	1
7	4	13	16	0.0	0.0	0.0	0.0	17869.9453	0.0	1
8	5	14	17	0.0	0.0	0.0	0.0	15127.1084	0.0	1
9	6	15	18	0.0	0.0	0.0	0.0	13722.4385	0.0	1
10	7	16	19	0.0	0.0	0.0	0.0	17058.4707	0.0	1
11	8	17	20	0.0	0.0	0.0	0.0	15543.9854	0.0	1
12	9	18	21	0.0	0.0	0.0	0.0	14193.8291	0.0	1
13	10	19	22	0.0	0.0	0.0	0.0	15846.1807	0.0	1
14	11	20	23	0.0	0.0	0.0	0.0	22216.9531	0.0	1
15	12	21	24	0.0	0.0	0.0	0.0	24310.2734	0.0	1
16	13	22	25	0.0	0.0	0.0	0.0	18108.4668	0.0	1
17	14	23	26	0.0	0.0	0.0	0.0	18030.4297	0.0	1
18	15	24	27	0.0	0.0	0.0	0.0	18573.9766	0.0	1
19	16	25	28	0.0	0.0	0.0	0.0	19493.5684	0.0	1
20	17	26	29	0.0	0.0	0.0	0.0	16279.3438	0.0	1
21	18	27	30	0.0	0.0	0.0	0.0	16300.4922	0.0	1
22	19	28	31	0.0	0.0	0.0	0.0	18894.1543	0.0	1
23	20	29	32	0.0	0.0	0.0	0.0	18543.3262	0.0	1
24	21	30	33	0.0	0.0	0.0	0.0	16933.0469	0.0	1
25	22	31	34	0.0	0.0	0.0	0.0	15583.5693	0.0	1
26	23	32	35	0.0	0.0	0.0	0.0	18563.457	0.0	1
27	24	33	36	0.0	0.0	0.0	0.0	22975.8359	0.0	1
28	25	34	37	0.0	0.0	0.0	0.0	23206.4414	0.0	1
29	26	35	38	0.0	0.0	0.0	0.0	24943.5039	0.0	1
30	27	36	39	0.0	0.0	0.0	0.0	21728.5996	0.0	1
31	28	37	40	0.0	0.0	0.0	0.0	24898.7188	0.0	1
33	30	39	42	0.0	0.0	0.0	0.0	20731.1953	0.0	1
34	31	40	43	0.0	0.0	0.0	0.0	15668.3916	0.0	1
36	33	42	45	0.0	0.0	0.0	0.0	15407.5889	0.0	1
39	36	45	48	0.0	0.0	0.0	0.0	11665.4248	0.0	1
40	37	46	49	0.0	0.0	0.0	0.0	15767.3516	0.0	1
41	38	47	50	0.0	0.0	0.0	0.0	12531.2979	0.0	1
42	39	48	51	0.0	0.0	0.0	0.0	6660.1099	0.0	1
43	40	49	52	0.0	0.0	0.0	0.0	981.5661	0.0	1
44	41	50	53	0.0	0.0	0.0	0.0	412.0894	0.0	1
45	42	51	54	0.0	0.0	0.0	0.0	193.9054	0.0	1
46	43	52	55	0.0	0.0	0.0	0.0	117.688	0.0	1
47	44	53	56	0.0	0.0	0.0	0.0	107.3806	0.0	1
48	45	54	57	0.0	0.0	0.0	0.0	117.4516	0.0	1
49	46	55	58	0.0	0.0	0.0	0.0	104.8675	0.0	1
50	47	56	59	0.0	0.0	0.0	0.0	65.9665	0.0	1
51	48	57	60	0.0	0.0	0.0	0.0	30.9165	0.0	1
52	49	58	61	0.0	0.0	0.0	0.0	12.9682	0.0	1
53	50	59	62	0.0	0.0	0.0	0.0	13.8088	0.0	1
54	51	60	63	0.0	0.0	0.0	0.0	15.2243	0.0	1
55	52	61	64	0.0	0.0	0.0	0.0	14.3269	0.0	1
56	53	62	65	0.0	0.0	0.0	0.0	12.9342	0.0	1
57	54	63	66	0.0	0.0	0.0	0.0	12.5799	0.0	1
58	55	64	67	0.0	0.0	0.0	0.0	11.5418	0.0	1
59	56	65	68	0.0	0.0	0.0	0.0	11.7575	0.0	1
60	57	66	69	0.0	0.0	0.0	0.0	10.1532	0.0	1
61	58	67	70	0.0	0.0	0.0	0.0	10.076	0.0	1
62	59	68	71	0.0	0.0	0.0	0.0	8.8069	0.0	1
63	60	69	72	0.0	0.0	0.0	0.0	9.3956	0.0	1
4	1	12	15	0.0	0.0	0.0	0.0	19070.5938	0.0	1
5	2	13	16	0.0	0.0	0.0	0.0	20494.3789	0.0	1
6	3	14	17	0.0	0.0	0.0	0.0	25595.2344	0.0	1
7	4	15	18	0.0	0.0	0.0	0.0	22908.7168	0.0	1
8	5	16	19	0.0	0.0	0.0	0.0	21261.9727	0.0	1
9	6	17	20	0.0	0.0	0.0	0.0	17258.3652	0.0	1
10	7	18	21	0.0	0.0	0.0	0.0	17759.5879	0.0	1
11	8	19	22	0.0	0.0	0.0	0.0	17731.248	0.0	1
12	9	20	23	0.0	0.0	0.0	0.0	20241.1641	0.0	1
13	10	21	24	0.0	0.0	0.0	0.0	22392.2285	0.0	1
14	11	22	25	0.0	0.0	0.0	0.0	22268.5898	0.0	1
15	12	23	26	0.0	0.0	0.0	0.0	26599.8281	0.0	1
16	13	24	27	0.0	0.0	0.0	0.0	25652.2148	0.0	1
17	14	25	28	0.0	0.0	0.0	0.0	26075.5977	0.0	1
18	15	26	29	0.0	0.0	0.0	0.0	25538.0371	0.0	1
19	16	27	30	0.0	0.0	0.0	0.0	26929.6758	0.0	1
20	17	28	31	0.0	0.0	0.0	0.0	24103.3945	0.0	1
21	18	29	32	0.0	0.0	0.0	0.0	22291.8105	0.0	1
22	19	30	33	0.0	0.0	0.0	0.0	23667.7539	0.0	1
23	20	31	34	0.0	0.0	0.0	0.0	25502.127	0.0	1
24	21	32	35	0.0	0.0	0.0	0.0	25271.623	0.0	1
25	22	33	36	0.0	0.0	0.0	0.0	26554.457	0.0	1
26	23	34	37	0.0	0.0	0.0	0.0	28879.5195	0.0	1
27	24	35	38	0.0	0.0	0.0	0.0	28210.1484	0.0	1
28	25	36	39	0.0	0.0	0.0	0.0	26635.5234	0.0	1
29	26	37	40	0.0	0.0	0.0	0.0	31297.041	0.0	1
31	28	39	42	0.0	0.0	0.0	0.0	29729.7246	0.0	1
32	29	40	43	0.0	0.0	0.0	0.0	21675.7656	0.0	1
34	31	42	45	0.0	0.0	0.0	0.0	15052.666	0.0	1
35	32	43	46	0.0	0.0	0.0	0.0	11816.3311	0.0	1
36	33	44	47	0.0	0.0	0.0	0.0	14583.7402	0.0	1
37	34	45	48	0.0	0.0	0.0	0.0	15387.0293	0.0	1
38	35	46	49	0.0	0.0	0.0	0.0	14839.7266	0.0	1
39	36	47	50	0.0	0.0	0.0	0.0	14212.9736	0.0	1
40	37	48	51	0.0	0.0	0.0	0.0	10224.7832	0.0	1
41	38	49	52	0.0	0.0	0.0	0.0	1339.0591	0.0	1
42	39	50	53	0.0	0.0	0.0	0.0	539.9181	0.0	1
43	40	51	54	0.0	0.0	0.0	0.0	381.2966	0.0	1
44	41	52	55	0.0	0.0	0.0	0.0	269.157	0.0	1
45	42	53	56	0.0	0.0	0.0	0.0	161.8079	0.0	1
46	43	54	57	0.0	0.0	0.0	0.0	96.2243	0.0	1
47	44	55	58	0.0	0.0	0.0	0.0	87.3664	0.0	1
48	45	56	59	0.0	0.0	0.0	0.0	98.2899	0.0	1
49	46	57	60	0.0	0.0	0.0	0.0	92.8616	0.0	1
50	47	58	61	0.0	0.0	0.0	0.0	55.3725	0.0	1
51	48	59	62	0.0	0.0	0.0	0.0	33.1209	0.0	1
52	49	60	63	0.0	0.0	0.0	0.0	12.8223	0.0	1
53	50	61	64	0.0	0.0	0.0	0.0	12.2468	0.0	1
54	51	62	65	0.0	0.0	0.0	0.0	13.726	0.0	1
55	52	63	66	0.0	0.0	0.0	0.0	13.6269	0.0	1
56	53	64	67	0.0	0.0	0.0	0.0	12.6107	0.0	1
57	54	65	68	0.0	0.0	0.0	0.0	13.8153	0.0	1
58	55	66	69	0.0	0.0	0.0	0.0	13.5184	0.0	1
59	56	67	70	0.0	0.0	0.0	0.0	13.084	0.0	1
60	57	68	71	0.0	0.0	0.0	0.0	10.8005	0.0	1
61	58	69	72	0.0	0.0	0.0	0.0	10.7556	0.0	1
4	1	14	17	0.0	0.0	0.0	0.0	23421.1465	0.0	1
5	2	15	18	0.0	0.0	0.0	0.0	24662.8496	0.0	1
6	3	16	19	0.0	0.0	0.0	0.0	33999.6875	0.0	1
7	4	17	20	0.0	0.0	0.0	0.0	27611.8379	0.0	1
8	5	18	21	0.0	0.0	0.0	0.0	21290.1699	0.0	1
9	6	19	22	0.0	0.0	0.0	0.0	18901.5859	0.0	1
10	7	20	23	0.0	0.0	0.0	0.0	24590.207	0.0	1
11	8	21	24	0.0	0.0	0.0	0.0	23918.3496	0.0	1
12	9	22	25	0.0	0.0	0.0	0.0	18675.9629	0.0	1
13	10	23	26	0.0	0.0	0.0	0.0	23426.0469	0.0	1
14	11	24	27	0.0	0.0	0.0	0.0	29950.4316	0.0	1
15	12	25	28	0.0	0.0	0.0	0.0	34763.9727	0.0	1
16	13	26	29	0.0	0.0	0.0	0.0	33365.293	0.0	1
17	14	27	30	0.0	0.0	0.0	0.0	33317.7383	0.0	1
18	15	28	31	0.0	0.0	0.0	0.0	34964.4336	0.0	1
19	16	29	32	0.0	0.0	0.0	0.0	34753.082	0.0	1
20	17	30	33	0.0	0.0	0.0	0.0	28676.2012	0.0	1
21	18	31	34	0.0	0.0	0.0	0.0	29057.4922	0.0	1
22	19	32	35	0.0	0.0	0.0	0.0	33124.0977	0.0	1
23	20	33	36	0.0	0.0	0.0	0.0	41214.6211	0.0	1
24	21	34	37	0.0	0.0	0.0	0.0	36931.2539	0.0	1
25	22	35	38	0.0	0.0	0.0	0.0	30958.8887	0.0	1
26	23	36	39	0.0	0.0	0.0	0.0	31747.7852	0.0	1
27	24	37	40	0.0	0.0	0.0	0.0	37106.957	0.0	1
29	26	39	42	0.0	0.0	0.0	0.0	26544.8242	0.0	1
30	27	40	43	0.0	0.0	0.0	0.0	28873.5781	0.0	1
34	31	44	47	0.0	0.0	0.0	0.0	12899.709	0.0	1
35	32	45	48	0.0	0.0	0.0	0.0	17720.9102	0.0	1
36	33	46	49	0.0	0.0	0.0	0.0	21111.7773	0.0	1
37	34	47	50	0.0	0.0	0.0	0.0	16716.1191	0.0	1
38	35	48	51	0.0	0.0	0.0	0.0	9302.8955	0.0	1
39	36	49	52	0.0	0.0	0.0	0.0	1272.001	0.0	1
40	37	50	53	0.0	0.0	0.0	0.0	800.5613	0.0	1
41	38	51	54	0.0	0.0	0.0	0.0	498.8556	0.0	1
42	39	52	55	0.0	0.0	0.0	0.0	356.2391	0.0	1
43	40	53	56	0.0	0.0	0.0	0.0	298.2431	0.0	1
44	41	54	57	0.0	0.0	0.0	0.0	200.6872	0.0	1
45	42	55	58	0.0	0.0	0.0	0.0	101.5104	0.0	1
46	43	56	59	0.0	0.0	0.0	0.0	88.3771	0.0	1
47	44	57	60	0.0	0.0	0.0	0.0	81.0824	0.0	1
48	45	58	61	0.0	0.0	0.0	0.0	92.4543	0.0	1
49	46	59	62	0.0	0.0	0.0	0.0	76.3474	0.0	1
50	47	60	63	0.0	0.0	0.0	0.0	50.3103	0.0	1
51	48	61	64	0.0	0.0	0.0	0.0	25.1475	0.0	1
52	49	62	65	0.0	0.0	0.0	0.0	10.1107	0.0	1
53	50	63	66	0.0	0.0	0.0	0.0	11.5027	0.0	1
54	51	64	67	0.0	0.0	0.0	0.0	12.7809	0.0	1
55	52	65	68	0.0	0.0	0.0	0.0	14.71	0.0	1
56	53	66	69	0.0	0.0	0.0	0.0	13.7579	0.0	1
57	54	67	70	0.0	0.0	0.0	0.0	14.3612	0.0	1
58	55	68	71	0.0	0.0	0.0	0.0	13.2274	0.0	1
59	56	69	72	0.0	0.0	0.0	0.0	13.2009	0.0	1
6	1	17	22	0.0	0.0	0.0	0.0	36634.6641	0.0	1
7	2	18	23	0.0	0.0	0.0	0.0	29478.3711	0.0	1
8	3	19	24	0.0	0.0	0.0	0.0	26203.7441	0.0	1
9	4	20	25	0.0	0.0	0.0	0.0	29795.3613	0.0	1
10	5	21	26	0.0	0.0	0.0	0.0	28757.0742	0.0	1
11	6	22	27	0.0	0.0	0.0	0.0	23097.8555	0.0	1
12	7	23	28	0.0	0.0	0.0	0.0	24522.8906	0.0	1
13	8	24	29	0.0	0.0	0.0	0.0	30122.1016	0.0	1
14	9	25	30	0.0	0.0	0.0	0.0	35378.5508	0.0	1
15	10	26	31	0.0	0.0	0.0	0.0	38879.1328	0.0	1
16	11	27	32	0.0	0.0	0.0	0.0	40622.6914	0.0	1
17	12	28	33	0.0	0.0	0.0	0.0	43673.9141	0.0	1
18	13	29	34	0.0	0.0	0.0	0.0	44530.832	0.0	1
19	14	30	35	0.0	0.0	0.0	0.0	45864.2734	0.0	1
20	15	31	36	0.0	0.0	0.0	0.0	42820.4844	0.0	1
21	16	32	37	0.0	0.0	0.0	0.0	45021.293	0.0	1
22	17	33	38	0.0	0.0	0.0	0.0	49335.5977	0.0	1
23	18	34	39	0.0	0.0	0.0	0.0	46645.7188	0.0	1
24	19	35	40	0.0	0.0	0.0	0.0	45851.5039	0.0	1
26	21	37	42	0.0	0.0	0.0	0.0	41571.8008	0.0	1
27	22	38	43	0.0	0.0	0.0	0.0	41237.3945	0.0	1
28	23	39	44	0.0	0.0	0.0	0.0	35212.5078	0.0	1
29	24	40	45	0.0	0.0	0.0	0.0	28395.0332	0.0	1
30	25	41	46	0.0	0.0	0.0	0.0	39144.8008	0.0	1
31	26	42	47	0.0	0.0	0.0	0.0	22092.0801	0.0	1
32	27	43	48	0.0	0.0	0.0	0.0	16603.5234	0.0	1
33	28	44	49	0.0	0.0	0.0	0.0	17947.3262	0.0	1
34	29	45	50	0.0	0.0	0.0	0.0	17575.5078	0.0	1
35	30	46	51	0.0	0.0	0.0	0.0	16716.8965	0.0	1
36	31	47	52	0.0	0.0	0.0	0.0	13962.6191	0.0	1
37	32	48	53	0.0	0.0	0.0	0.0	7961.376	0.0	1
38	33	49	54	0.0	0.0	0.0	0.0	1204.6357	0.0	1
39	34	50	55	0.0	0.0	0.0	0.0	680.3099	0.0	1
40	35	51	56	0.0	0.0	0.0	0.0	526.3322	0.0	1
41	36	52	57	0.0	0.0	0.0	0.0	409.4734	0.0	1
42	37	53	58	0.0	0.0	0.0	0.0	335.7067	0.0	1
43	38	54	59	0.0	0.0	0.0	0.0	304.5883	0.0	1
44	39	55	60	0.0	0.0	0.0	0.0	180.0499	0.0	1
45	40	56	61	0.0	0.0	0.0	0.0	134.5207	0.0	1
46	41	57	62	0.0	0.0	0.0	0.0	96.1427	0.0	1
47	42	58	63	0.0	0.0	0.0	0.0	77.3324	0.0	1
48	43	59	64	0.0	0.0	0.0	0.0	63.7766	0.0	1
49	44	60	65	0.0	0.0	0.0	0.0	66.7133	0.0	1
50	45	61	66	0.0	0.0	0.0	0.0	51.6783	0.0	1
51	46	62	67	0.0	0.0	0.0	0.0	37.9774	0.0	1
52	47	63	68	0.0	0.0	0.0	0.0	27.4404	0.0	1
53	48	64	69	0.0	0.0	0.0	0.0	18.6585	0.0	1
54	49	65	70	0.0	0.0	0.0	0.0	11.903	0.0	1
55	50	66	71	0.0	0.0	0.0	0.0	13.0687	0.0	1
56	51	67	72	0.0	0.0	0.0	0.0	13.499	0.0	1
6	1	19	24	0.0	0.0	0.0	0.0	36277.2422	0.0	1
7	2	20	25	0.0	0.0	0.0	0.0	33700.5547	0.0	1
8	3	21	26	0.0	0.0	0.0	0.0	32689.6563	0.0	1
9	4	22	27	0.0	0.0	0.0	0.0	31080.8555	0.0	1
10	5	23	28	0.0	0.0	0.0	0.0	29356.7734	0.0	1
11	6	24	29	0.0	0.0	0.0	0.0	28175.6797	0.0	1
12	7	25	30	0.0	0.0	0.0	0.0	32602.8145	0.0	1
13	8	26	31	0.0	0.0	0.0	0.0	35528.5508	0.0	1
14	9	27	32	0.0	0.0	0.0	0.0	41193.4219	0.0	1
15	10	28	33	0.0	0.0	0.0	0.0	46694.2891	0.0	1
16	11	29	34	0.0	0.0	0.0	0.0	47170.082	0.0	1
17	12	30	35	0.0	0.0	0.0	0.0	53361.4727	0.0	1
18	13	31	36	0.0	0.0	0.0	0.0	58498.1406	0.0	1
19	14	32	37	0.0	0.0	0.0	0.0	58454.5156	0.0	1
20	15	33	38	0.0	0.0	0.0	0.0	53773.3516	0.0	1
21	16	34	39	0.0	0.0	0.0	0.0	56472.8945	0.0	1
22	17	35	40	0.0	0.0	0.0	0.0	60609.957	0.0	1
24	19	37	42	0.0	0.0	0.0	0.0	47239.4023	0.0	1
25	20	38	43	0.0	0.0	0.0	0.0	50044.7891	0.0	1
26	21	39	44	0.0	0.0	0.0	0.0	43556.1523	0.0	1
27	22	40	45	0.0	0.0	0.0	0.0	30642.7324	0.0	1
29	24	42	47	0.0	0.0	0.0	0.0	34274.6484	0.0	1
30	25	43	48	0.0	0.0	0.0	0.0	20743.9805	0.0	1
31	26	44	49	0.0	0.0	0.0	0.0	21233.0293	0.0	1
32	27	45	50	0.0	0.0	0.0	0.0	20234.3047	0.0	1
33	28	46	51	0.0	0.0	0.0	0.0	18148.6973	0.0	1
34	29	47	52	0.0	0.0	0.0	0.0	13557.5186	0.0	1
35	30	48	53	0.0	0.0	0.0	0.0	8573.1934	0.0	1
36	31	49	54	0.0	0.0	0.0	0.0	1383.4607	0.0	1
37	32	50	55	0.0	0.0	0.0	0.0	754.5826	0.0	1
38	33	51	56	0.0	0.0	0.0	0.0	552.4131	0.0	1
39	34	52	57	0.0	0.0	0.0	0.0	436.5287	0.0	1
40	35	53	58	0.0	0.0	0.0	0.0	408.7555	0.0	1
41	36	54	59	0.0	0.0	0.0	0.0	307.0451	0.0	1
42	37	55	60	0.0	0.0	0.0	0.0	255.5151	0.0	1
43	38	56	61	0.0	0.0	0.0	0.0	229.9644	0.0	1
44	39	57	62	0.0	0.0	0.0	0.0	164.3777	0.0	1
45	40	58	63	0.0	0.0	0.0	0.0	103.9321	0.0	1
46	41	59	64	0.0	0.0	0.0	0.0	84.1686	0.0	1
47	42	60	65	0.0	0.0	0.0	0.0	73.8845	0.0	1
48	43	61	66	0.0	0.0	0.0	0.0	59.8477	0.0	1
49	44	62	67	0.0	0.0	0.0	0.0	62.5473	0.0	1
50	45	63	68	0.0	0.0	0.0	0.0	50.4381	0.0	1
51	46	64	69	0.0	0.0	0.0	0.0	37.9288	0.0	1
52	47	65	70	0.0	0.0	0.0	0.0	28.1912	0.0	1
53	48	66	71	0.0	0.0	0.0	0.0	18.5626	0.0	1
54	49	67	72	0.0	0.0	0.0	0.0	11.9947	0.0	1
6	1	21	26	0.0	0.0	0.0	0.0	44028.2266	0.0	1
7	2	22	27	0.0	0.0	0.0	0.0	34343.0898	0.0	1
8	3	23	28	0.0	0.0	0.0	0.0	33110.1875	0.0	1
9	4	24	29	0.0	0.0	0.0	0.0	37487.4805	0.0	1
10	5	25	30	0.0	0.0	0.0	0.0	35193.7695	0.0	1
11	6	26	31	0.0	0.0	0.0	0.0	32618.5898	0.0	1
12	7	27	32	0.0	0.0	0.0	0.0	36029.1367	0.0	1
13	8	28	33	0.0	0.0	0.0	0.0	41534.1016	0.0	1
14	9	29	34	0.0	0.0	0.0	0.0	46940.9102	0.0	1
15	10	30	35	0.0	0.0	0.0	0.0	55053.4258	0.0	1
16	11	31	36	0.0	0.0	0.0	0.0	60705.4648	0.0	1
17	12	32	37	0.0	0.0	0.0	0.0	65982.8672	0.0	1
18	13	33	38	0.0	0.0	0.0	0.0	70861.1328	0.0	1
19	14	34	39	0.0	0.0	0.0	0.0	71592.9688	0.0	1
20	15	35	40	0.0	0.0	0.0	0.0	65573.8359	0.0	1
22	17	37	42	0.0	0.0	0.0	0.0	61246.4453	0.0	1
23	18	38	43	0.0	0.0	0.0	0.0	59866.1914	0.0	1
24	19	39	44	0.0	0.0	0.0	0.0	47963.1641	0.0	1
25	20	40	45	0.0	0.0	0.0	0.0	36242.3711	0.0	1
27	22	42	47	0.0	0.0	0.0	0.0	35132.9805	0.0	1
28	23	43	48	0.0	0.0	0.0	0.0	20378.0195	0.0	1
30	25	45	50	0.0	0.0	0.0	0.0	23201.9668	0.0	1
31	26	46	51	0.0	0.0	0.0	0.0	19347.4199	0.0	1
32	27	47	52	0.0	0.0	0.0	0.0	14913.25	0.0	1
33	28	48	53	0.0	0.0	0.0	0.0	8314.5391	0.0	1
34	29	49	54	0.0	0.0	0.0	0.0	1822.2903	0.0	1
35	30	50	55	0.0	0.0	0.0	0.0	714.6573	0.0	1
36	31	51	56	0.0	0.0	0.0	0.0	568.8843	0.0	1
37	32	52	57	0.0	0.0	0.0	0.0	454.4298	0.0	1
38	33	53	58	0.0	0.0	0.0	0.0	392.9374	0.0	1
39	34	54	59	0.0	0.0	0.0	0.0	327.8527	0.0	1
40	35	55	60	0.0	0.0	0.0	0.0	305.0956	0.0	1
41	36	56	61	0.0	0.0	0.0	0.0	259.5556	0.0	1
42	37	57	62	0.0	0.0	0.0	0.0	203.5667	0.0	1
43	38	58	63	0.0	0.0	0.0	0.0	185.2139	0.0	1
44	39	59	64	0.0	0.0	0.0	0.0	142.4956	0.0	1
45	40	60	65	0.0	0.0	0.0	0.0	93.1361	0.0	1
46	41	61	66	0.0	0.0	0.0	0.0	76.5589	0.0	1
47	42	62	67	0.0	0.0	0.0	0.0	70.4389	0.0	1
48	43	63	68	0.0	0.0	0.0	0.0	57.9643	0.0	1
49	44	64	69	0.0	0.0	0.0	0.0	59.828	0.0	1
50	45	65	70	0.0	0.0	0.0	0.0	50.9753	0.0	1
51	46	66	71	0.0	0.0	0.0	0.0	38.5636	0.0	1
52	47	67	72	0.0	0.0	0.0	0.0	28.7955	0.0	1
6	1	23	28	0.0	0.0	0.0	0.0	45000.0898	0.0	1
7	2	24	29	0.0	0.0	0.0	0.0	40563.5117	0.0	1
8	3	25	30	0.0	0.0	0.0	0.0	42720.7969	0.0	1
9	4	26	31	0.0	0.0	0.0	0.0	42666.5469	0.0	1
10	5	27	32	0.0	0.0	0.0	0.0	41349.1211	0.0	1
11	6	28	33	0.0	0.0	0.0	0.0	37468.918	0.0	1
12	7	29	34	0.0	0.0	0.0	0.0	39433.8906	0.0	1
13	8	30	35	0.0	0.0	0.0	0.0	48063.3398	0.0	1
14	9	31	36	0.0	0.0	0.0	0.0	58477.1836	0.0	1
15	10	32	37	0.0	0.0	0.0	0.0	66729.1172	0.0	1
16	11	33	38	0.0	0.0	0.0	0.0	70325.3203	0.0	1
17	12	34	39	0.0	0.0	0.0	0.0	78842.5313	0.0	1
18	13	35	40	0.0	0.0	0.0	0.0	85682.8203	0.0	1
20	15	37	42	0.0	0.0	0.0	0.0	65066.1563	0.0	1
21	16	38	43	0.0	0.0	0.0	0.0	69258.7734	0.0	1
22	17	39	44	0.0	0.0	0.0	0.0	60960.5234	0.0	1
23	18	40	45	0.0	0.0	0.0	0.0	42562.75	0.0	1
25	20	42	47	0.0	0.0	0.0	0.0	33767.1953	0.0	1
26	21	43	48	0.0	0.0	0.0	0.0	24626.1738	0.0	1
30	25	47	52	0.0	0.0	0.0	0.0	17594.1484	0.0	1
31	26	48	53	0.0	0.0	0.0	0.0	9327.1152	0.0	1
32	27	49	54	0.0	0.0	0.0	0.0	1354.4858	0.0	1
33	28	50	55	0.0	0.0	0.0	0.0	681.0275	0.0	1
34	29	51	56	0.0	0.0	0.0	0.0	513.9922	0.0	1
35	30	52	57	0.0	0.0	0.0	0.0	424.5666	0.0	1
36	31	53	58	0.0	0.0	0.0	0.0	442.0357	0.0	1
37	32	54	59	0.0	0.0	0.0	0.0	360.5867	0.0	1
38	33	55	60	0.0	0.0	0.0	0.0	322.3392	0.0	1
39	34	56	61	0.0	0.0	0.0	0.0	285.2116	0.0	1
40	35	57	62	0.0	0.0	0.0	0.0	255.5854	0.0	1
41	36	58	63	0.0	0.0	0.0	0.0	201.5635	0.0	1
42	37	59	64	0.0	0.0	0.0	0.0	172.4506	0.0	1
43	38	60	65	0.0	0.0	0.0	0.0	167.0087	0.0	1
44	39	61	66	0.0	0.0	0.0	0.0	130.5726	0.0	1
45	40	62	67	0.0	0.0	0.0	0.0	89.6622	0.0	1
46	41	63	68	0.0	0.0	0.0	0.0	74.0478	0.0	1
47	42	64	69	0.0	0.0	0.0	0.0	66.6695	0.0	1
48	43	65	70	0.0	0.0	0.0	0.0	56.8694	0.0	1
49	44	66	71	0.0	0.0	0.0	0.0	60.797	0.0	1
50	45	67	72	0.0	0.0	0.0	0.0	51.4552	0.0	1
6	1	25	30	0.0	0.0	0.0	0.0	53885.6094	0.0	1
7	2	26	31	0.0	0.0	0.0	0.0	45555.9492	0.0	1
8	3	27	32	0.0	0.0	0.0	0.0	45643.6094	0.0	1
9	4	28	33	0.0	0.0	0.0	0.0	48371.168	0.0	1
10	5	29	34	0.0	0.0	0.0	0.0	46916.8633	0.0	1
11	6	30	35	0.0	0.0	0.0	0.0	43114.0508	0.0	1
12	7	31	36	0.0	0.0	0.0	0.0	49581.1055	0.0	1
13	8	32	37	0.0	0.0	0.0	0.0	57492.7422	0.0	1
14	9	33	38	0.0	0.0	0.0	0.0	68295.8672	0.0	1
15	10	34	39	0.0	0.0	0.0	0.0	79288.1094	0.0	1
16	11	35	40	0.0	0.0	0.0	0.0	86700.7109	0.0	1
18	13	37	42	0.0	0.0	0.0	0.0	83731.9531	0.0	1
19	14	38	43	0.0	0.0	0.0	0.0	84858.6406	0.0	1
20	15	39	44	0.0	0.0	0.0	0.0	63430.8516	0.0	1
21	16	40	45	0.0	0.0	0.0	0.0	48310.0117	0.0	1
23	18	42	47	0.0	0.0	0.0	0.0	38710.0117	0.0	1
24	19	43	48	0.0	0.0	0.0	0.0	27032.4551	0.0	1
30	25	49	54	0.0	0.0	0.0	0.0	1478.2336	0.0	1
31	26	50	55	0.0	0.0	0.0	0.0	726.2239	0.0	1
32	27	51	56	0.0	0.0	0.0	0.0	563.0175	0.0	1
33	28	52	57	0.0	0.0	0.0	0.0	460.662	0.0	1
34	29	53	58	0.0	0.0	0.0	0.0	402.2356	0.0	1
35	30	54	59	0.0	0.0	0.0	0.0	361.7065	0.0	1
36	31	55	60	0.0	0.0	0.0	0.0	337.6764	0.0	1
37	32	56	61	0.0	0.0	0.0	0.0	298.8249	0.0	1
38	33	57	62	0.0	0.0	0.0	0.0	249.7983	0.0	1
39	34	58	63	0.0	0.0	0.0	0.0	223.6095	0.0	1
40	35	59	64	0.0	0.0	0.0	0.0	223.1883	0.0	1
41	36	60	65	0.0	0.0	0.0	0.0	184.3808	0.0	1
42	37	61	66	0.0	0.0	0.0	0.0	153.4493	0.0	1
43	38	62	67	0.0	0.0	0.0	0.0	156.9099	0.0	1
44	39	63	68	0.0	0.0	0.0	0.0	123.1152	0.0	1
45	40	64	69	0.0	0.0	0.0	0.0	85.8424	0.0	1
46	41	65	70	0.0	0.0	0.0	0.0	73.6004	0.0	1
47	42	66	71	0.0	0.0	0.0	0.0	66.2669	0.0	1
48	43	67	72	0.0	0.0	0.0	0.0	56.4816	0.0	1
6	1	27	32	0.0	0.0	0.0	0.0	58447.7109	0.0	1
7	2	28	33	0.0	0.0	0.0	0.0	51113.2305	0.0	1
8	3	29	34	0.0	0.0	0.0	0.0	48938.1797	0.0	1
9	4	30	35	0.0	0.0	0.0	0.0	55018.7969	0.0	1
10	5	31	36	0.0	0.0	0.0	0.0	56102.8164	0.0	1
11	6	32	37	0.0	0.0	0.0	0.0	50751.9648	0.0	1
12	7	33	38	0.0	0.0	0.0	0.0	54291.6914	0.0	1
13	8	34	39	0.0	0.0	0.0	0.0	67474.625	0.0	1
14	9	35	40	0.0	0.0	0.0	0.0	79379.9922	0.0	1
16	11	37	42	0.0	0.0	0.0	0.0	83520.5938	0.0	1
17	12	38	43	0.0	0.0	0.0	0.0	90622.9141	0.0	1
18	13	39	44	0.0	0.0	0.0	0.0	80082.2188	0.0	1
19	14	40	45	0.0	0.0	0.0	0.0	58357.207	0.0	1
20	15	41	46	0.0	0.0	0.0	0.0	57443.4531	0.0	1
21	16	42	47	0.0	0.0	0.0	0.0	43183.4102	0.0	1
22	17	43	48	0.0	0.0	0.0	0.0	31378.0098	0.0	1
30	25	51	56	0.0	0.0	0.0	0.0	629.5585	0.0	1
31	26	52	57	0.0	0.0	0.0	0.0	511.8735	0.0	1
32	27	53	58	0.0	0.0	0.0	0.0	444.2759	0.0	1
33	28	54	59	0.0	0.0	0.0	0.0	368.601	0.0	1
34	29	55	60	0.0	0.0	0.0	0.0	450.6664	0.0	1
35	30	56	61	0.0	0.0	0.0	0.0	303.4249	0.0	1
36	31	57	62	0.0	0.0	0.0	0.0	273.9747	0.0	1
37	32	58	63	0.0	0.0	0.0	0.0	234.2532	0.0	1
38	33	59	64	0.0	0.0	0.0	0.0	214.7403	0.0	1
39	34	60	65	0.0	0.0	0.0	0.0	207.1682	0.0	1
40	35	61	66	0.0	0.0	0.0	0.0	197.2767	0.0	1
41	36	62	67	0.0	0.0	0.0	0.0	170.9266	0.0	1
42	37	63	68	0.0	0.0	0.0	0.0	153.3226	0.0	1
43	38	64	69	0.0	0.0	0.0	0.0	149.7875	0.0	1
44	39	65	70	0.0	0.0	0.0	0.0	126.4258	0.0	1
45	40	66	71	0.0	0.0	0.0	0.0	84.3044	0.0	1
46	41	67	72	0.0	0.0	0.0	0.0	74.1222	0.0	1
6	1	29	34	0.0	0.0	0.0	0.0	62954.8438	0.0	1
7	2	30	35	0.0	0.0	0.0	0.0	57841.4336	0.0	1
8	3	31	36	0.0	0.0	0.0	0.0	60571.7266	0.0	1
9	4	32	37	0.0	0.0	0.0	0.0	64610.0859	0.0	1
10	5	33	38	0.0	0.0	0.0	0.0	67997.3438	0.0	1
11	6	34	39	0.0	0.0	0.0	0.0	57971.2266	0.0	1
12	7	35	40	0.0	0.0	0.0	0.0	68254.9219	0.0	1
14	9	37	42	0.0	0.0	0.0	0.0	75486.9219	0.0	1
15	10	38	43	0.0	0.0	0.0	0.0	88516.4063	0.0	1
16	11	39	44	0.0	0.0	0.0	0.0	78340.7344	0.0	1
17	12	40	45	0.0	0.0	0.0	0.0	61471.5859	0.0	1
19	14	42	47	0.0	0.0	0.0	0.0	51483.9258	0.0	1
20	15	43	48	0.0	0.0	0.0	0.0	34102.9609	0.0	1
30	25	53	58	0.0	0.0	0.0	0.0	487.3961	0.0	1
31	26	54	59	0.0	0.0	0.0	0.0	403.7448	0.0	1
32	27	55	60	0.0	0.0	0.0	0.0	290.9197	0.0	1
33	28	56	61	0.0	0.0	0.0	0.0	300.7422	0.0	1
34	29	57	62	0.0	0.0	0.0	0.0	263.2402	0.0	1
35	30	58	63	0.0	0.0	0.0	0.0	237.7987	0.0	1
36	31	59	64	0.0	0.0	0.0	0.0	234.8397	0.0	1
37	32	60	65	0.0	0.0	0.0	0.0	214.2693	0.0	1
38	33	61	66	0.0	0.0	0.0	0.0	189.6103	0.0	1
39	34	62	67	0.0	0.0	0.0	0.0	188.3925	0.0	1
40	35	63	68	0.0	0.0	0.0	0.0	199.0188	0.0	1
41	36	64	69	0.0	0.0	0.0	0.0	167.5765	0.0	1
42	37	65	70	0.0	0.0	0.0	0.0	148.9223	0.0	1
43	38	66	71	0.0	0.0	0.0	0.0	150.5767	0.0	1
44	39	67	72	0.0	0.0	0.0	0.0	126.3959	0.0	1
6	1	31	36	0.0	0.0	0.0	0.0	76030.1016	0.0	1
7	2	32	37	0.0	0.0	0.0	0.0	67133.9219	0.0	1
8	3	33	38	0.0	0.0	0.0	0.0	64880.9258	0.0	1
9	4	34	39	0.0	0.0	0.0	0.0	74168.6719	0.0	1
10	5	35	40	0.0	0.0	0.0	0.0	70507.3047	0.0	1
12	7	37	42	0.0	0.0	0.0	0.0	64211.7891	0.0	1
13	8	38	43	0.0	0.0	0.0	0.0	73986.0859	0.0	1
14	9	39	44	0.0	0.0	0.0	0.0	70516.2188	0.0	1
15	10	40	45	0.0	0.0	0.0	0.0	59304.3555	0.0	1
17	12	42	47	0.0	0.0	0.0	0.0	53374.0	0.0	1
18	13	43	48	0.0	0.0	0.0	0.0	44086.4258	0.0	1
30	25	55	60	0.0	0.0	0.0	0.0	413.9009	0.0	1
31	26	56	61	0.0	0.0	0.0	0.0	327.192	0.0	1
32	27	57	62	0.0	0.0	0.0	0.0	275.7476	0.0	1
33	28	58	63	0.0	0.0	0.0	0.0	238.3918	0.0	1
34	29	59	64	0.0	0.0	0.0	0.0	214.8871	0.0	1
35	30	60	65	0.0	0.0	0.0	0.0	220.4239	0.0	1
36	31	61	66	0.0	0.0	0.0	0.0	208.8274	0.0	1
37	32	62	67	0.0	0.0	0.0	0.0	197.1221	0.0	1
38	33	63	68	0.0	0.0	0.0	0.0	191.4665	0.0	1
39	34	64	69	0.0	0.0	0.0	0.0	185.5107	0.0	1
40	35	65	70	0.0	0.0	0.0	0.0	185.0522	0.0	1
41	36	66	71	0.0	0.0	0.0	0.0	168.0129	0.0	1
42	37	67	72	0.0	0.0	0.0	0.0	149.5244	0.0	1
6	1	33	38	0.0	0.0	0.0	0.0	83896.5703	0.0	1
7	2	34	39	0.0	0.0	0.0	0.0	75598.6094	0.0	1
8	3	35	40	0.0	0.0	0.0	0.0	79765.8672	0.0	1
10	5	37	42	0.0	0.0	0.0	0.0	65603.5703	0.0	1
11	6	38	43	0.0	0.0	0.0	0.0	62624.4023	0.0	1
12	7	39	44	0.0	0.0	0.0	0.0	59228.043	0.0	1
13	8	40	45	0.0	0.0	0.0	0.0	49179.9805	0.0	1
14	9	41	46	0.0	0.0	0.0	0.0	43975.6719	0.0	1
15	10	42	47	0.0	0.0	0.0	0.0	51002.3906	0.0	1
16	11	43	48	0.0	0.0	0.0	0.0	47688.5859	0.0	1
30	25	57	62	0.0	0.0	0.0	0.0	306.9214	0.0	1
31	26	58	63	0.0	0.0	0.0	0.0	258.516	0.0	1
32	27	59	64	0.0	0.0	0.0	0.0	243.2767	0.0	1
33	28	60	65	0.0	0.0	0.0	0.0	220.8224	0.0	1
34	29	61	66	0.0	0.0	0.0	0.0	182.417	0.0	1
35	30	62	67	0.0	0.0	0.0	0.0	195.8857	0.0	1
36	31	63	68	0.0	0.0	0.0	0.0	206.1937	0.0	1
37	32	64	69	0.0	0.0	0.0	0.0	195.0783	0.0	1
38	33	65	70	0.0	0.0	0.0	0.0	179.4835	0.0	1
39	34	66	71	0.0	0.0	0.0	0.0	170.83	0.0	1
40	35	67	72	0.0	0.0	0.0	0.0	191.1838	0.0	1
6	1	35	40	0.0	0.0	0.0	0.0	96457.2266	0.0	1
7	2	36	41	0.0	0.0	0.0	0.0	54103.082	0.0	1
8	3	37	42	0.0	0.0	0.0	0.0	73840.0156	0.0	1
9	4	38	43	0.0	0.0	0.0	0.0	78405.0625	0.0	1
10	5	39	44	0.0	0.0	0.0	0.0	62044.9258	0.0	1
11	6	40	45	0.0	0.0	0.0	0.0	41390.1016	0.0	1
13	8	42	47	0.0	0.0	0.0	0.0	42113.7383	0.0	1
14	9	43	48	0.0	0.0	0.0	0.0	36034.0117	0.0	1
30	25	59	64	0.0	0.0	0.0	0.0	257.4949	0.0	1
31	26	60	65	0.0	0.0	0.0	0.0	235.827	0.0	1
32	27	61	66	0.0	0.0	0.0	0.0	219.231	0.0	1
33	28	62	67	0.0	0.0	0.0	0.0	198.7593	0.0	1
34	29	63	68	0.0	0.0	0.0	0.0	196.4659	0.0	1
35	30	64	69	0.0	0.0	0.0	0.0	184.2282	0.0	1
36	31	65	70	0.0	0.0	0.0	0.0	202.0943	0.0	1
37	32	66	71	0.0	0.0	0.0	0.0	191.4742	0.0	1
38	33	67	72	0.0	0.0	0.0	0.0	178.5537	0.0	1
6	1	37	42	0.0	0.0	0.0	0.0	88736.5703	0.0	1
7	2	38	43	0.0	0.0	0.0	0.0	78758.25	0.0	1
8	3	39	44	0.0	0.0	0.0	0.0	66331.3438	0.0	1
9	4	40	45	0.0	0.0	0.0	0.0	51292.8516	0.0	1
12	7	43	48	0.0	0.0	0.0	0.0	38766.1875	0.0	1
30	25	61	66	0.0	0.0	0.0	0.0	234.6142	0.0	1
31	26	62	67	0.0	0.0	0.0	0.0	219.1824	0.0	1
32	27	63	68	0.0	0.0	0.0	0.0	205.0044	0.0	1
33	28	64	69	0.0	0.0	0.0	0.0	189.0959	0.0	1
34	29	65	70	0.0	0.0	0.0	0.0	166.5245	0.0	1
35	30	66	71	0.0	0.0	0.0	0.0	193.6064	0.0	1
36	31	67	72	0.0	0.0	0.0	0.0	208.3287	0.0	1
0
